function [z,g] = f(a)
    x = a(1);
    y = a(2);
    z = (-x-0.5)^2 + 100*(y-0.5-(x+1.5)^2)^2;
    g = [ 400*(4.1275 + 4.5*x^2 + x^3 + x*(7.255 - y) - 1.5*y)
             -200*x^2 - 600*x + 200*y- 550];  
    end

